$ANSIBLE_VAULT;1.1;AES256
35633032373266326233396637646538373065373539646362306164643936343530343930346262
3935306632373735643538316165396664373830306633360a356261303665306164616635633630
66343264346163613931326366316131326433623265343461393363366236653062356266323663
6632383861303237390a623633386562386535313838336266303239323630363533333131666335
34333937396266336165666538643733346237636435323939353637363961396534323364633262
38393332353631313665613437326537306533396663316633343562623664323665353235313931
30333632383933333561656231383366346637643739633863353662653734663134356134316233
66376263643765333039626161383662303363383663633238623661636132376632633662633834
61386562643561313334616138623061363438323561316665396232653832333036356438666538
64626339643361326562373866653164313966366330373862346339666561366631303962333130
35623663666337633565393566326362303239613234356636356637613362333035393461336263
63626435633666363535366266393533393562373866316664656162646262396532333530663533
38663834353334333035646131643331303861343035363033653063633437376537353362613639
35363938343331326135306437343234386261376337653238626531306335663439333364376437
36663266363438363133653063373533333331393631643332613737646237346237333137373733
63356264646639393132383462653438653032636233363137383262353532396162633236393136
38346333323961666261346133313436656464363665363361633063653232616532363763323262
35393331306663656531373763306361313065333231643836656634326565346664313165303862
62666661313737623830653831323232343433663433623564353738343530373437646663333338
36386638633530373561323764393639363063306532316136633466333336616665326263633062
66346331363639666633353739643963303565623761663436343631323764336563363438346464
31646264666638346431613432653832303431376635396530633631626430633839623633663636
36626238393730376339633265303461363561303438386334633965623161323531636539363938
64343361383336623166396266363330623038323833356566653565383266326434636634663935
30336431343662616630306235656366366138383463323932373534343231323863396364376439
36356134373330333333626633306363303436386466376135633063313239333735353064323132
64353266613038346433346539323064393933643862313963383731363835626539323061306334
63323331623761613862663261643563636339653531663066323339346435373131383162373661
31303536656564303930613963303937636135356432383739393037373661616435616461343964
66363565353431356566663731373936613966363362396134373137633565396434633430323863
63383835636433653131366636346431633361393366626665363339333230623239323830373036
32323865303234346430643862623232396663663137663862623233623139636566643434666138
33313136356535316463373664306237383231366563636339336139373964333933653437313762
62633736323237366566383564383833343166623835616138396662346631333232343537313736
61306532346661356535306636616637623766366232313338306334326337343838663030346530
61653466393430653430303933386363323133306365356166663634613131666263643036363032
63353636613737373731323165306433373962633065336331323133373733323132376433613134
63366364376330656461343964323733363434336431616361643439343933666663323362643362
62646164643939303233383263313034373533336363643433366439386164656264306333653832
33323865626336303463653664373139663934656131646239343338376665396434306164303735
64393533363635353735613334613663666665396262396138363563653836646566313833303130
37356632613566353261386563666138383462316464366366643864653830646537373832623837
34393737366361366565323639386366373838613364393634363834633661643437316634376632
34343465343961323964656635326136313937306336633833386134353432383565653531396562
37306335353033353565393334366137623738636462666639303030633831373961663738323132
34333563343231386634373162326261653237386166336466626331653430373937663734326138
63656431343561376366623437313335396466316164326164313361333535396431373366366635
63366237373238353765316437663865336336643465373231386332353631626130346465386264
34326263333033323937326636653865633535366531383339326135343737313138633162636436
37326336643030343865356563383063636561623165386132666463613036666161323764653737
64323533303333303166653564646566653266643039353761353735333462623332336137366535
65653935353439373331643339313135303831613963326163326130343633326438346534353534
61383362626565366132356565306433323132663331376361303134373538343862316530326534
32343339633565383766653264383261363165323038653437306364663338346239366365386437
33643664373634313132613038316331383434663961333937633634643333643032333135656334
39393531653532393732623266663139376639383033323835386235656231623133373636613233
37633230666334333536333630613063376161643930613338393131343831666432613666613139
32653335626237623865383732313063623530303435336232393639383965303339653135326332
32653031383664636665333331343464353537316333366163643630363765393032323738376662
32326638306661366334633633646536346430656133333031666636633436393734633265656535
61383964653736373566343134336564643262393666666334353230303831643231356662393834
66613962386234643937306336393261326262643366633330663935386137313534633135616264
64623964323161376136653362626261363064356336666632313430333437343034363235633939
30656139303434386238326662613938313862633736363138393537636337633264323232646231
31303334336563306333346433643164656562656330316531383866383631663835353234313833
34303666663936326166383763343333663830343364613539356561626362643966376466333861
61396538343637643732636662333864333764313765386235323635656331323331356365323232
33353132363630356537306230326638613834643732376530306437613462623265663139313737
65346363326137396561643838343835643461323364636134313133653839653235363239303139
34343263633861376365393036363331393565373764346133303934346634643163376336656639
31666233363563623832646433346639663964653465376230626538363230323936333461656138
39663161653661313238613235656363363866316330373331363434646632613962336232383939
61306536313066313434623032636539306139626230646636613934626464626365343736653563
30663736383635633534663833613665653262623538373661393538316466636261366561333863
64316435373235636534326237653838623937373639393066656232666637333230633038393135
33636365376535356530336337373861623061633664326566303139363861393966356136316165
39376436653336323139623363663834613533336330613933386163336331316631613162653831
65353666613036333065666562323164383736646263633430663365353030313735353565393133
61366365633530623264383131303063313831613462663934383862326565653238613934633661
63633564383434356633313031366666616331356665363739616332366635376133383433313330
62366164616437393064316666393836323438633361396431643836323561353931633463306333
30336530643132363566646531386164366366633261616464366532343730316639393064346335
62396331653139323862663635643830333261656532396631666634313632643061393533306466
37626164383131343466306335306334363439323635373838316134653130366463623834333432
33393331386263363536383634613866343865363065356263663661363663366331653239396239
35616136373734636164316263613538666636393062313535383236336438316335386632663138
37306237313938383735353261373564303530653635633864323266663139663932636464653333
37633436326239356263
