$ANSIBLE_VAULT;1.1;AES256
35323765396164643238353431633236343761653933363935303365306161663934623138323861
3534366138353065326534396138333761656463303739320a643563346161376333313738633835
36373861383439326463323039303530353038323131346333643232363436666538383262376534
3138646266383066620a626533343561636162663463336339323535336430326130633837636130
64656563343336613865333539643462303835306465653133383966663965343734343132646131
62343961313431623230616465356264306338373936303563353530386164343638386635326436
66666261623033636636656232386136383138636163353861323961356363316233653766353561
65626231663137373261346339303763343563613362623632343262303531306263636163313830
62336238313261613932343265303534383763323330626534626538366266653038323761366266
30633031386438636263343035623361316437303465376663393939316231313464343732353933
66383930363436366232353162326436666638383335333430313663313336393662393261646365
65306266653934646164346363326332393562633530323838383130353637313131343838353463
6637
